100
0 1 26
0 2 18
0 3 36
0 4 13
0 5 69
0 6 63
0 7 70
0 8 78
0 9 24
0 10 21
0 11 99
0 12 18
0 13 24
0 14 42
0 15 21
0 16 67
0 17 50
0 18 87
0 19 72
0 20 14
0 21 39
0 22 6
0 23 21
0 24 59
0 25 17
0 26 69
0 27 36
0 28 84
0 29 7
0 30 8
0 31 60
0 32 77
0 33 11
0 34 46
0 35 70
0 36 91
0 37 95
0 38 61
0 39 37
0 40 16
0 41 81
0 42 72
0 43 50
0 44 53
0 45 44
0 46 16
0 47 61
0 48 22
0 49 64
0 50 96
0 51 8
0 52 29
0 53 15
0 54 61
0 55 65
0 56 28
0 57 57
0 58 40
0 59 40
0 60 35
0 61 89
0 62 21
0 63 86
0 64 33
0 65 87
0 66 19
0 67 93
0 68 5
0 69 87
0 70 85
0 71 4
0 72 56
0 73 36
0 74 39
0 75 2
0 76 47
0 77 65
0 78 75
0 79 99
0 80 40
0 81 8
0 82 71
0 83 20
0 84 41
0 85 97
0 86 13
0 87 14
0 88 98
0 89 10
0 90 43
0 91 8
0 92 91
0 93 92
0 94 24
0 95 59
0 96 19
0 97 40
0 98 97
0 99 76
1 2 97
1 3 86
1 4 29
1 5 45
1 6 46
1 7 42
1 8 91
1 9 76
1 10 43
1 11 70
1 12 9
1 13 51
1 14 32
1 15 61
1 16 39
1 17 87
1 18 59
1 19 64
1 20 22
1 21 1
1 22 62
1 23 38
1 24 82
1 25 98
1 26 24
1 27 83
1 28 92
1 29 51
1 30 28
1 31 75
1 32 83
1 33 11
1 34 22
1 35 79
1 36 57
1 37 14
1 38 45
1 39 39
1 40 79
1 41 35
1 42 13
1 43 54
1 44 56
1 45 78
1 46 32
1 47 84
1 48 31
1 49 3
1 50 6
1 51 18
1 52 14
1 53 20
1 54 16
1 55 67
1 56 89
1 57 88
1 58 27
1 59 75
1 60 34
1 61 64
1 62 84
1 63 61
1 64 85
1 65 72
1 66 71
1 67 62
1 68 20
1 69 54
1 70 14
1 71 33
1 72 62
1 73 58
1 74 52
1 75 1
1 76 6
1 77 47
1 78 95
1 79 84
1 80 94
1 81 54
1 82 60
1 83 95
1 84 33
1 85 43
1 86 90
1 87 7
1 88 22
1 89 99
1 90 56
1 91 24
1 92 8
1 93 89
1 94 38
1 95 59
1 96 3
1 97 43
1 98 89
1 99 35
2 3 71
2 4 69
2 5 24
2 6 80
2 7 84
2 8 77
2 9 71
2 10 56
2 11 7
2 12 47
2 13 25
2 14 84
2 15 8
2 16 83
2 17 73
2 18 21
2 19 83
2 20 51
2 21 68
2 22 8
2 23 98
2 24 9
2 25 34
2 26 19
2 27 25
2 28 21
2 29 2
2 30 11
2 31 80
2 32 66
2 33 56
2 34 80
2 35 59
2 36 56
2 37 11
2 38 35
2 39 91
2 40 87
2 41 95
2 42 65
2 43 43
2 44 47
2 45 10
2 46 70
2 47 82
2 48 9
2 49 95
2 50 45
2 51 86
2 52 48
2 53 92
2 54 66
2 55 33
2 56 38
2 57 24
2 58 22
2 59 55
2 60 8
2 61 64
2 62 37
2 63 33
2 64 19
2 65 18
2 66 15
2 67 64
2 68 73
2 69 54
2 70 87
2 71 82
2 72 84
2 73 89
2 74 6
2 75 49
2 76 82
2 77 23
2 78 36
2 79 23
2 80 33
2 81 59
2 82 32
2 83 20
2 84 1
2 85 61
2 86 57
2 87 60
2 88 47
2 89 16
2 90 17
2 91 24
2 92 89
2 93 26
2 94 5
2 95 52
2 96 80
2 97 26
2 98 36
2 99 13
3 4 99
3 5 24
3 6 57
3 7 21
3 8 11
3 9 89
3 10 25
3 11 42
3 12 80
3 13 45
3 14 78
3 15 4
3 16 37
3 17 56
3 18 37
3 19 16
3 20 20
3 21 81
3 22 8
3 23 61
3 24 19
3 25 52
3 26 80
3 27 3
3 28 25
3 29 90
3 30 37
3 31 78
3 32 46
3 33 35
3 34 13
3 35 47
3 36 15
3 37 43
3 38 52
3 39 33
3 40 75
3 41 9
3 42 86
3 43 9
3 44 29
3 45 11
3 46 31
3 47 78
3 48 32
3 49 43
3 50 89
3 51 29
3 52 77
3 53 82
3 54 82
3 55 41
3 56 11
3 57 94
3 58 5
3 59 91
3 60 89
3 61 96
3 62 52
3 63 68
3 64 45
3 65 35
3 66 89
3 67 51
3 68 45
3 69 85
3 70 20
3 71 82
3 72 31
3 73 28
3 74 6
3 75 39
3 76 96
3 77 40
3 78 63
3 79 37
3 80 94
3 81 99
3 82 20
3 83 4
3 84 3
3 85 50
3 86 3
3 87 80
3 88 78
3 89 31
3 90 32
3 91 91
3 92 13
3 93 79
3 94 19
3 95 20
3 96 16
3 97 88
3 98 36
3 99 75
4 5 28
4 6 88
4 7 39
4 8 13
4 9 93
4 10 82
4 11 81
4 12 17
4 13 81
4 14 82
4 15 36
4 16 32
4 17 24
4 18 9
4 19 53
4 20 4
4 21 38
4 22 5
4 23 82
4 24 76
4 25 22
4 26 23
4 27 33
4 28 58
4 29 11
4 30 56
4 31 72
4 32 58
4 33 4
4 34 19
4 35 88
4 36 73
4 37 16
4 38 84
4 39 74
4 40 58
4 41 65
4 42 34
4 43 67
4 44 97
4 45 6
4 46 51
4 47 39
4 48 69
4 49 74
4 50 71
4 51 30
4 52 1
4 53 43
4 54 63
4 55 79
4 56 98
4 57 47
4 58 48
4 59 60
4 60 60
4 61 32
4 62 26
4 63 33
4 64 17
4 65 10
4 66 77
4 67 54
4 68 88
4 69 28
4 70 30
4 71 15
4 72 50
4 73 8
4 74 11
4 75 34
4 76 19
4 77 94
4 78 29
4 79 61
4 80 39
4 81 71
4 82 40
4 83 19
4 84 69
4 85 66
4 86 33
4 87 95
4 88 75
4 89 83
4 90 11
4 91 4
4 92 56
4 93 62
4 94 72
4 95 61
4 96 93
4 97 93
4 98 7
4 99 52
5 6 19
5 7 21
5 8 51
5 9 60
5 10 11
5 11 33
5 12 3
5 13 5
5 14 33
5 15 59
5 16 53
5 17 99
5 18 27
5 19 58
5 20 53
5 21 96
5 22 83
5 23 41
5 24 13
5 25 9
5 26 10
5 27 72
5 28 23
5 29 21
5 30 13
5 31 64
5 32 82
5 33 90
5 34 2
5 35 91
5 36 5
5 37 77
5 38 10
5 39 3
5 40 62
5 41 49
5 42 68
5 43 81
5 44 15
5 45 64
5 46 30
5 47 52
5 48 26
5 49 47
5 50 67
5 51 98
5 52 2
5 53 74
5 54 39
5 55 12
5 56 53
5 57 72
5 58 88
5 59 73
5 60 13
5 61 55
5 62 3
5 63 12
5 64 6
5 65 73
5 66 53
5 67 60
5 68 11
5 69 19
5 70 56
5 71 94
5 72 15
5 73 44
5 74 88
5 75 3
5 76 76
5 77 71
5 78 47
5 79 72
5 80 3
5 81 5
5 82 51
5 83 62
5 84 52
5 85 38
5 86 35
5 87 6
5 88 6
5 89 87
5 90 54
5 91 4
5 92 41
5 93 79
5 94 44
5 95 58
5 96 82
5 97 19
5 98 53
5 99 4
6 7 10
6 8 52
6 9 2
6 10 1
6 11 42
6 12 22
6 13 69
6 14 72
6 15 86
6 16 62
6 17 7
6 18 93
6 19 37
6 20 8
6 21 36
6 22 96
6 23 64
6 24 5
6 25 63
6 26 3
6 27 70
6 28 48
6 29 62
6 30 43
6 31 18
6 32 41
6 33 6
6 34 52
6 35 63
6 36 91
6 37 55
6 38 2
6 39 16
6 40 77
6 41 39
6 42 19
6 43 28
6 44 15
6 45 26
6 46 55
6 47 77
6 48 63
6 49 86
6 50 41
6 51 45
6 52 25
6 53 63
6 54 88
6 55 13
6 56 95
6 57 47
6 58 28
6 59 75
6 60 19
6 61 81
6 62 40
6 63 61
6 64 13
6 65 87
6 66 22
6 67 84
6 68 30
6 69 15
6 70 80
6 71 66
6 72 88
6 73 27
6 74 51
6 75 1
6 76 9
6 77 99
6 78 8
6 79 37
6 80 48
6 81 60
6 82 18
6 83 17
6 84 73
6 85 22
6 86 29
6 87 28
6 88 49
6 89 92
6 90 37
6 91 97
6 92 92
6 93 93
6 94 13
6 95 86
6 96 4
6 97 64
6 98 4
6 99 67
7 8 36
7 9 67
7 10 6
7 11 54
7 12 59
7 13 30
7 14 58
7 15 57
7 16 49
7 17 87
7 18 85
7 19 35
7 20 63
7 21 84
7 22 35
7 23 84
7 24 40
7 25 50
7 26 51
7 27 25
7 28 72
7 29 64
7 30 42
7 31 48
7 32 20
7 33 83
7 34 3
7 35 29
7 36 22
7 37 91
7 38 93
7 39 4
7 40 2
7 41 49
7 42 37
7 43 94
7 44 80
7 45 40
7 46 87
7 47 18
7 48 8
7 49 98
7 50 21
7 51 84
7 52 2
7 53 51
7 54 65
7 55 51
7 56 66
7 57 42
7 58 19
7 59 35
7 60 39
7 61 10
7 62 13
7 63 26
7 64 10
7 65 42
7 66 94
7 67 57
7 68 5
7 69 51
7 70 89
7 71 59
7 72 71
7 73 51
7 74 85
7 75 44
7 76 57
7 77 47
7 78 92
7 79 44
7 80 44
7 81 69
7 82 86
7 83 27
7 84 47
7 85 19
7 86 67
7 87 22
7 88 30
7 89 21
7 90 99
7 91 84
7 92 48
7 93 28
7 94 3
7 95 80
7 96 23
7 97 11
7 98 88
7 99 56
8 9 29
8 10 55
8 11 30
8 12 47
8 13 57
8 14 95
8 15 54
8 16 19
8 17 23
8 18 86
8 19 46
8 20 31
8 21 17
8 22 26
8 23 93
8 24 39
8 25 41
8 26 12
8 27 9
8 28 74
8 29 81
8 30 46
8 31 34
8 32 7
8 33 9
8 34 63
8 35 10
8 36 82
8 37 62
8 38 12
8 39 91
8 40 70
8 41 27
8 42 4
8 43 42
8 44 62
8 45 36
8 46 1
8 47 12
8 48 53
8 49 85
8 50 58
8 51 12
8 52 63
8 53 73
8 54 81
8 55 62
8 56 35
8 57 65
8 58 92
8 59 24
8 60 62
8 61 22
8 62 93
8 63 93
8 64 35
8 65 72
8 66 86
8 67 63
8 68 43
8 69 67
8 70 85
8 71 13
8 72 25
8 73 20
8 74 98
8 75 98
8 76 94
8 77 46
8 78 68
8 79 44
8 80 6
8 81 15
8 82 82
8 83 7
8 84 46
8 85 82
8 86 2
8 87 60
8 88 21
8 89 86
8 90 97
8 91 32
8 92 31
8 93 58
8 94 47
8 95 37
8 96 67
8 97 42
8 98 95
8 99 7
9 10 51
9 11 97
9 12 76
9 13 65
9 14 16
9 15 4
9 16 46
9 17 57
9 18 37
9 19 65
9 20 68
9 21 83
9 22 61
9 23 94
9 24 47
9 25 92
9 26 88
9 27 72
9 28 7
9 29 8
9 30 15
9 31 10
9 32 80
9 33 65
9 34 59
9 35 45
9 36 94
9 37 95
9 38 79
9 39 41
9 40 61
9 41 41
9 42 67
9 43 98
9 44 80
9 45 50
9 46 52
9 47 50
9 48 95
9 49 95
9 50 71
9 51 83
9 52 26
9 53 18
9 54 54
9 55 19
9 56 35
9 57 1
9 58 56
9 59 2
9 60 90
9 61 65
9 62 73
9 63 90
9 64 64
9 65 77
9 66 23
9 67 3
9 68 93
9 69 37
9 70 10
9 71 76
9 72 48
9 73 50
9 74 8
9 75 9
9 76 23
9 77 34
9 78 10
9 79 88
9 80 54
9 81 9
9 82 94
9 83 99
9 84 9
9 85 76
9 86 90
9 87 85
9 88 2
9 89 29
9 90 69
9 91 18
9 92 92
9 93 36
9 94 83
9 95 82
9 96 16
9 97 22
9 98 69
9 99 87
10 11 72
10 12 75
10 13 31
10 14 90
10 15 66
10 16 32
10 17 81
10 18 64
10 19 87
10 20 78
10 21 39
10 22 8
10 23 14
10 24 86
10 25 12
10 26 78
10 27 13
10 28 95
10 29 59
10 30 91
10 31 24
10 32 50
10 33 49
10 34 54
10 35 60
10 36 57
10 37 63
10 38 96
10 39 71
10 40 93
10 41 64
10 42 31
10 43 59
10 44 17
10 45 93
10 46 15
10 47 31
10 48 63
10 49 77
10 50 34
10 51 86
10 52 5
10 53 87
10 54 43
10 55 20
10 56 37
10 57 97
10 58 24
10 59 87
10 60 65
10 61 75
10 62 4
10 63 84
10 64 19
10 65 81
10 66 26
10 67 24
10 68 31
10 69 93
10 70 23
10 71 55
10 72 23
10 73 50
10 74 13
10 75 53
10 76 14
10 77 61
10 78 95
10 79 82
10 80 22
10 81 78
10 82 19
10 83 28
10 84 59
10 85 77
10 86 98
10 87 11
10 88 47
10 89 6
10 90 69
10 91 99
10 92 84
10 93 18
10 94 49
10 95 39
10 96 49
10 97 97
10 98 13
10 99 54
11 12 3
11 13 15
11 14 37
11 15 52
11 16 99
11 17 32
11 18 15
11 19 3
11 20 9
11 21 28
11 22 48
11 23 33
11 24 16
11 25 58
11 26 86
11 27 59
11 28 14
11 29 11
11 30 77
11 31 65
11 32 11
11 33 66
11 34 50
11 35 38
11 36 8
11 37 98
11 38 44
11 39 72
11 40 86
11 41 40
11 42 30
11 43 88
11 44 23
11 45 38
11 46 9
11 47 74
11 48 39
11 49 91
11 50 18
11 51 54
11 52 74
11 53 32
11 54 30
11 55 17
11 56 89
11 57 71
11 58 48
11 59 84
11 60 44
11 61 31
11 62 63
11 63 4
11 64 31
11 65 98
11 66 71
11 67 75
11 68 91
11 69 23
11 70 18
11 71 96
11 72 58
11 73 39
11 74 22
11 75 70
11 76 20
11 77 12
11 78 38
11 79 83
11 80 14
11 81 36
11 82 77
11 83 4
11 84 98
11 85 19
11 86 52
11 87 89
11 88 54
11 89 35
11 90 58
11 91 86
11 92 91
11 93 26
11 94 34
11 95 68
11 96 17
11 97 3
11 98 1
11 99 84
12 13 68
12 14 56
12 15 40
12 16 70
12 17 95
12 18 76
12 19 5
12 20 27
12 21 24
12 22 87
12 23 67
12 24 67
12 25 57
12 26 76
12 27 51
12 28 93
12 29 77
12 30 9
12 31 76
12 32 45
12 33 34
12 34 34
12 35 6
12 36 56
12 37 70
12 38 24
12 39 11
12 40 20
12 41 23
12 42 32
12 43 51
12 44 51
12 45 48
12 46 84
12 47 83
12 48 89
12 49 49
12 50 48
12 51 73
12 52 68
12 53 71
12 54 30
12 55 56
12 56 50
12 57 15
12 58 94
12 59 97
12 60 36
12 61 34
12 62 72
12 63 21
12 64 73
12 65 26
12 66 94
12 67 12
12 68 88
12 69 90
12 70 16
12 71 97
12 72 12
12 73 14
12 74 16
12 75 38
12 76 7
12 77 40
12 78 23
12 79 61
12 80 75
12 81 40
12 82 52
12 83 56
12 84 54
12 85 27
12 86 5
12 87 26
12 88 67
12 89 24
12 90 85
12 91 34
12 92 7
12 93 64
12 94 40
12 95 61
12 96 22
12 97 73
12 98 50
12 99 78
13 14 57
13 15 52
13 16 17
13 17 10
13 18 11
13 19 76
13 20 59
13 21 30
13 22 18
13 23 82
13 24 46
13 25 29
13 26 92
13 27 64
13 28 50
13 29 21
13 30 20
13 31 65
13 32 1
13 33 91
13 34 44
13 35 52
13 36 36
13 37 54
13 38 97
13 39 17
13 40 47
13 41 27
13 42 53
13 43 50
13 44 64
13 45 71
13 46 18
13 47 71
13 48 67
13 49 48
13 50 83
13 51 16
13 52 87
13 53 78
13 54 36
13 55 14
13 56 98
13 57 39
13 58 67
13 59 4
13 60 87
13 61 67
13 62 58
13 63 37
13 64 52
13 65 95
13 66 69
13 67 10
13 68 44
13 69 42
13 70 58
13 71 71
13 72 79
13 73 95
13 74 39
13 75 18
13 76 92
13 77 79
13 78 58
13 79 27
13 80 57
13 81 7
13 82 37
13 83 25
13 84 84
13 85 85
13 86 90
13 87 2
13 88 88
13 89 35
13 90 86
13 91 42
13 92 13
13 93 59
13 94 63
13 95 59
13 96 82
13 97 50
13 98 99
13 99 39
14 15 45
14 16 84
14 17 82
14 18 14
14 19 1
14 20 51
14 21 59
14 22 49
14 23 79
14 24 62
14 25 73
14 26 13
14 27 59
14 28 1
14 29 5
14 30 26
14 31 85
14 32 22
14 33 46
14 34 53
14 35 12
14 36 45
14 37 4
14 38 10
14 39 63
14 40 81
14 41 19
14 42 29
14 43 84
14 44 50
14 45 4
14 46 62
14 47 59
14 48 12
14 49 25
14 50 31
14 51 16
14 52 44
14 53 59
14 54 45
14 55 11
14 56 71
14 57 61
14 58 16
14 59 15
14 60 70
14 61 53
14 62 72
14 63 97
14 64 1
14 65 52
14 66 60
14 67 11
14 68 69
14 69 37
14 70 51
14 71 81
14 72 86
14 73 75
14 74 23
14 75 74
14 76 65
14 77 54
14 78 27
14 79 81
14 80 74
14 81 59
14 82 71
14 83 29
14 84 11
14 85 10
14 86 53
14 87 60
14 88 94
14 89 67
14 90 9
14 91 42
14 92 23
14 93 29
14 94 62
14 95 89
14 96 78
14 97 13
14 98 98
14 99 88
15 16 10
15 17 37
15 18 73
15 19 83
15 20 51
15 21 92
15 22 77
15 23 48
15 24 77
15 25 56
15 26 27
15 27 23
15 28 28
15 29 15
15 30 17
15 31 69
15 32 70
15 33 18
15 34 40
15 35 72
15 36 53
15 37 58
15 38 22
15 39 96
15 40 33
15 41 89
15 42 87
15 43 72
15 44 95
15 45 39
15 46 59
15 47 93
15 48 66
15 49 76
15 50 15
15 51 98
15 52 51
15 53 61
15 54 53
15 55 6
15 56 99
15 57 44
15 58 48
15 59 76
15 60 29
15 61 27
15 62 8
15 63 70
15 64 33
15 65 69
15 66 44
15 67 75
15 68 44
15 69 93
15 70 28
15 71 94
15 72 26
15 73 8
15 74 73
15 75 25
15 76 2
15 77 47
15 78 53
15 79 22
15 80 19
15 81 22
15 82 23
15 83 69
15 84 40
15 85 82
15 86 5
15 87 33
15 88 60
15 89 69
15 90 93
15 91 98
15 92 38
15 93 74
15 94 60
15 95 93
15 96 70
15 97 89
15 98 99
15 99 24
16 17 37
16 18 77
16 19 87
16 20 93
16 21 54
16 22 1
16 23 26
16 24 96
16 25 70
16 26 98
16 27 65
16 28 43
16 29 17
16 30 54
16 31 20
16 32 37
16 33 2
16 34 49
16 35 18
16 36 45
16 37 85
16 38 12
16 39 85
16 40 60
16 41 42
16 42 37
16 43 99
16 44 54
16 45 8
16 46 93
16 47 29
16 48 57
16 49 60
16 50 37
16 51 12
16 52 57
16 53 78
16 54 44
16 55 97
16 56 53
16 57 50
16 58 9
16 59 72
16 60 79
16 61 50
16 62 70
16 63 33
16 64 88
16 65 42
16 66 80
16 67 85
16 68 29
16 69 64
16 70 87
16 71 74
16 72 72
16 73 93
16 74 10
16 75 83
16 76 91
16 77 41
16 78 37
16 79 86
16 80 85
16 81 86
16 82 14
16 83 76
16 84 21
16 85 56
16 86 9
16 87 95
16 88 56
16 89 43
16 90 85
16 91 96
16 92 52
16 93 31
16 94 18
16 95 9
16 96 63
16 97 86
16 98 47
16 99 77
17 18 8
17 19 78
17 20 8
17 21 73
17 22 63
17 23 90
17 24 31
17 25 62
17 26 89
17 27 75
17 28 9
17 29 32
17 30 87
17 31 29
17 32 84
17 33 44
17 34 68
17 35 50
17 36 30
17 37 94
17 38 25
17 39 31
17 40 30
17 41 87
17 42 28
17 43 52
17 44 64
17 45 28
17 46 87
17 47 19
17 48 73
17 49 81
17 50 23
17 51 21
17 52 33
17 53 21
17 54 34
17 55 21
17 56 74
17 57 82
17 58 3
17 59 43
17 60 20
17 61 94
17 62 25
17 63 33
17 64 69
17 65 24
17 66 11
17 67 31
17 68 67
17 69 12
17 70 80
17 71 80
17 72 84
17 73 69
17 74 8
17 75 61
17 76 64
17 77 35
17 78 5
17 79 32
17 80 64
17 81 17
17 82 92
17 83 97
17 84 26
17 85 78
17 86 93
17 87 80
17 88 65
17 89 8
17 90 49
17 91 66
17 92 24
17 93 98
17 94 79
17 95 1
17 96 59
17 97 1
17 98 47
17 99 54
18 19 73
18 20 63
18 21 34
18 22 87
18 23 55
18 24 8
18 25 13
18 26 59
18 27 15
18 28 51
18 29 19
18 30 84
18 31 58
18 32 63
18 33 96
18 34 72
18 35 97
18 36 52
18 37 96
18 38 6
18 39 95
18 40 62
18 41 80
18 42 10
18 43 71
18 44 88
18 45 14
18 46 9
18 47 46
18 48 25
18 49 50
18 50 68
18 51 95
18 52 96
18 53 65
18 54 10
18 55 76
18 56 52
18 57 14
18 58 50
18 59 2
18 60 59
18 61 19
18 62 65
18 63 89
18 64 36
18 65 68
18 66 42
18 67 63
18 68 91
18 69 10
18 70 59
18 71 1
18 72 70
18 73 88
18 74 92
18 75 67
18 76 28
18 77 18
18 78 98
18 79 42
18 80 21
18 81 26
18 82 89
18 83 48
18 84 77
18 85 89
18 86 79
18 87 55
18 88 47
18 89 38
18 90 40
18 91 36
18 92 5
18 93 35
18 94 28
18 95 11
18 96 27
18 97 13
18 98 72
18 99 99
19 20 77
19 21 20
19 22 1
19 23 23
19 24 44
19 25 55
19 26 57
19 27 11
19 28 7
19 29 24
19 30 21
19 31 18
19 32 55
19 33 32
19 34 63
19 35 36
19 36 70
19 37 41
19 38 37
19 39 6
19 40 21
19 41 17
19 42 79
19 43 87
19 44 58
19 45 99
19 46 95
19 47 8
19 48 94
19 49 44
19 50 81
19 51 70
19 52 54
19 53 92
19 54 2
19 55 91
19 56 89
19 57 3
19 58 91
19 59 61
19 60 39
19 61 22
19 62 84
19 63 48
19 64 79
19 65 20
19 66 36
19 67 18
19 68 96
19 69 18
19 70 83
19 71 95
19 72 16
19 73 45
19 74 19
19 75 74
19 76 64
19 77 6
19 78 58
19 79 77
19 80 6
19 81 46
19 82 40
19 83 22
19 84 80
19 85 66
19 86 80
19 87 2
19 88 97
19 89 3
19 90 95
19 91 14
19 92 83
19 93 96
19 94 7
19 95 19
19 96 43
19 97 86
19 98 5
19 99 27
20 21 36
20 22 37
20 23 90
20 24 15
20 25 60
20 26 14
20 27 32
20 28 39
20 29 96
20 30 26
20 31 45
20 32 7
20 33 86
20 34 63
20 35 76
20 36 83
20 37 28
20 38 14
20 39 46
20 40 29
20 41 76
20 42 65
20 43 86
20 44 76
20 45 49
20 46 8
20 47 48
20 48 9
20 49 75
20 50 91
20 51 77
20 52 55
20 53 17
20 54 16
20 55 28
20 56 20
20 57 67
20 58 70
20 59 34
20 60 10
20 61 43
20 62 45
20 63 87
20 64 35
20 65 93
20 66 80
20 67 54
20 68 37
20 69 72
20 70 2
20 71 54
20 72 56
20 73 9
20 74 80
20 75 69
20 76 25
20 77 45
20 78 30
20 79 47
20 80 93
20 81 56
20 82 4
20 83 32
20 84 42
20 85 46
20 86 34
20 87 22
20 88 7
20 89 90
20 90 57
20 91 22
20 92 93
20 93 44
20 94 34
20 95 9
20 96 88
20 97 43
20 98 93
20 99 83
21 22 36
21 23 44
21 24 80
21 25 83
21 26 42
21 27 9
21 28 65
21 29 79
21 30 38
21 31 52
21 32 20
21 33 86
21 34 81
21 35 64
21 36 10
21 37 18
21 38 54
21 39 74
21 40 7
21 41 63
21 42 88
21 43 78
21 44 85
21 45 25
21 46 77
21 47 19
21 48 36
21 49 87
21 50 82
21 51 42
21 52 80
21 53 75
21 54 63
21 55 69
21 56 57
21 57 75
21 58 51
21 59 3
21 60 93
21 61 79
21 62 59
21 63 97
21 64 58
21 65 36
21 66 16
21 67 86
21 68 90
21 69 75
21 70 64
21 71 37
21 72 91
21 73 72
21 74 68
21 75 68
21 76 17
21 77 55
21 78 69
21 79 31
21 80 6
21 81 54
21 82 64
21 83 42
21 84 80
21 85 89
21 86 8
21 87 62
21 88 92
21 89 76
21 90 57
21 91 58
21 92 38
21 93 31
21 94 71
21 95 23
21 96 85
21 97 31
21 98 18
21 99 15
22 23 47
22 24 81
22 25 98
22 26 34
22 27 77
22 28 84
22 29 16
22 30 52
22 31 30
22 32 56
22 33 33
22 34 73
22 35 47
22 36 49
22 37 83
22 38 8
22 39 63
22 40 7
22 41 56
22 42 38
22 43 11
22 44 67
22 45 68
22 46 23
22 47 3
22 48 1
22 49 49
22 50 91
22 51 11
22 52 71
22 53 19
22 54 71
22 55 96
22 56 78
22 57 36
22 58 48
22 59 68
22 60 15
22 61 57
22 62 46
22 63 52
22 64 19
22 65 70
22 66 52
22 67 22
22 68 76
22 69 89
22 70 18
22 71 94
22 72 91
22 73 44
22 74 43
22 75 79
22 76 6
22 77 55
22 78 45
22 79 69
22 80 33
22 81 88
22 82 58
22 83 27
22 84 90
22 85 46
22 86 10
22 87 89
22 88 58
22 89 48
22 90 85
22 91 37
22 92 69
22 93 91
22 94 53
22 95 78
22 96 86
22 97 56
22 98 80
22 99 99
23 24 51
23 25 58
23 26 38
23 27 74
23 28 68
23 29 81
23 30 45
23 31 56
23 32 39
23 33 68
23 34 11
23 35 84
23 36 5
23 37 15
23 38 89
23 39 28
23 40 35
23 41 5
23 42 42
23 43 92
23 44 13
23 45 97
23 46 53
23 47 57
23 48 56
23 49 10
23 50 55
23 51 48
23 52 20
23 53 37
23 54 99
23 55 42
23 56 50
23 57 22
23 58 67
23 59 93
23 60 60
23 61 65
23 62 42
23 63 81
23 64 66
23 65 41
23 66 96
23 67 88
23 68 89
23 69 48
23 70 75
23 71 6
23 72 74
23 73 2
23 74 12
23 75 16
23 76 72
23 77 85
23 78 21
23 79 46
23 80 81
23 81 7
23 82 26
23 83 51
23 84 93
23 85 90
23 86 2
23 87 94
23 88 21
23 89 93
23 90 7
23 91 17
23 92 48
23 93 84
23 94 31
23 95 65
23 96 39
23 97 50
23 98 40
23 99 90
24 25 97
24 26 53
24 27 13
24 28 56
24 29 81
24 30 32
24 31 67
24 32 22
24 33 8
24 34 49
24 35 86
24 36 4
24 37 41
24 38 20
24 39 75
24 40 88
24 41 75
24 42 83
24 43 19
24 44 83
24 45 16
24 46 65
24 47 66
24 48 77
24 49 82
24 50 20
24 51 39
24 52 33
24 53 81
24 54 29
24 55 30
24 56 41
24 57 13
24 58 21
24 59 62
24 60 64
24 61 81
24 62 56
24 63 86
24 64 37
24 65 21
24 66 18
24 67 94
24 68 50
24 69 77
24 70 1
24 71 95
24 72 23
24 73 3
24 74 10
24 75 36
24 76 24
24 77 47
24 78 74
24 79 35
24 80 65
24 81 5
24 82 69
24 83 30
24 84 31
24 85 4
24 86 58
24 87 60
24 88 67
24 89 57
24 90 31
24 91 41
24 92 56
24 93 77
24 94 52
24 95 86
24 96 23
24 97 12
24 98 28
24 99 97
25 26 61
25 27 99
25 28 62
25 29 45
25 30 89
25 31 77
25 32 99
25 33 19
25 34 99
25 35 79
25 36 98
25 37 68
25 38 86
25 39 7
25 40 63
25 41 58
25 42 60
25 43 87
25 44 69
25 45 35
25 46 73
25 47 8
25 48 23
25 49 44
25 50 29
25 51 5
25 52 72
25 53 52
25 54 63
25 55 48
25 56 89
25 57 90
25 58 93
25 59 91
25 60 2
25 61 84
25 62 69
25 63 9
25 64 90
25 65 48
25 66 71
25 67 52
25 68 43
25 69 76
25 70 18
25 71 57
25 72 11
25 73 50
25 74 81
25 75 2
25 76 7
25 77 79
25 78 70
25 79 14
25 80 11
25 81 22
25 82 86
25 83 25
25 84 39
25 85 4
25 86 88
25 87 75
25 88 97
25 89 61
25 90 92
25 91 18
25 92 83
25 93 65
25 94 66
25 95 21
25 96 74
25 97 13
25 98 20
25 99 15
26 27 87
26 28 93
26 29 3
26 30 4
26 31 21
26 32 77
26 33 95
26 34 66
26 35 49
26 36 2
26 37 3
26 38 27
26 39 68
26 40 89
26 41 5
26 42 45
26 43 60
26 44 97
26 45 85
26 46 84
26 47 40
26 48 60
26 49 7
26 50 44
26 51 89
26 52 42
26 53 91
26 54 55
26 55 57
26 56 8
26 57 53
26 58 26
26 59 29
26 60 67
26 61 6
26 62 56
26 63 4
26 64 66
26 65 95
26 66 54
26 67 14
26 68 64
26 69 79
26 70 9
26 71 62
26 72 61
26 73 82
26 74 93
26 75 19
26 76 96
26 77 82
26 78 29
26 79 39
26 80 67
26 81 67
26 82 17
26 83 77
26 84 33
26 85 68
26 86 22
26 87 40
26 88 4
26 89 11
26 90 33
26 91 51
26 92 34
26 93 9
26 94 5
26 95 62
26 96 74
26 97 85
26 98 46
26 99 55
27 28 59
27 29 85
27 30 71
27 31 92
27 32 7
27 33 73
27 34 28
27 35 88
27 36 65
27 37 80
27 38 7
27 39 72
27 40 50
27 41 57
27 42 80
27 43 27
27 44 77
27 45 52
27 46 60
27 47 68
27 48 56
27 49 69
27 50 73
27 51 55
27 52 62
27 53 46
27 54 64
27 55 18
27 56 99
27 57 84
27 58 58
27 59 30
27 60 7
27 61 67
27 62 62
27 63 3
27 64 28
27 65 87
27 66 38
27 67 6
27 68 40
27 69 93
27 70 14
27 71 39
27 72 18
27 73 58
27 74 66
27 75 92
27 76 64
27 77 45
27 78 77
27 79 88
27 80 80
27 81 33
27 82 44
27 83 57
27 84 43
27 85 32
27 86 51
27 87 7
27 88 41
27 89 61
27 90 58
27 91 56
27 92 50
27 93 82
27 94 1
27 95 78
27 96 60
27 97 51
27 98 40
27 99 49
28 29 60
28 30 41
28 31 40
28 32 73
28 33 96
28 34 24
28 35 7
28 36 12
28 37 71
28 38 77
28 39 10
28 40 39
28 41 85
28 42 68
28 43 27
28 44 94
28 45 23
28 46 51
28 47 48
28 48 5
28 49 7
28 50 56
28 51 92
28 52 40
28 53 68
28 54 97
28 55 11
28 56 99
28 57 63
28 58 14
28 59 89
28 60 85
28 61 29
28 62 74
28 63 51
28 64 32
28 65 93
28 66 72
28 67 30
28 68 98
28 69 62
28 70 21
28 71 99
28 72 92
28 73 22
28 74 46
28 75 33
28 76 15
28 77 63
28 78 81
28 79 72
28 80 19
28 81 34
28 82 76
28 83 61
28 84 94
28 85 82
28 86 23
28 87 34
28 88 2
28 89 35
28 90 74
28 91 44
28 92 69
28 93 7
28 94 47
28 95 75
28 96 74
28 97 55
28 98 56
28 99 21
29 30 67
29 31 62
29 32 77
29 33 70
29 34 95
29 35 82
29 36 83
29 37 36
29 38 27
29 39 62
29 40 58
29 41 31
29 42 38
29 43 38
29 44 18
29 45 8
29 46 70
29 47 89
29 48 69
29 49 69
29 50 76
29 51 41
29 52 84
29 53 99
29 54 7
29 55 51
29 56 1
29 57 92
29 58 22
29 59 49
29 60 85
29 61 19
29 62 8
29 63 13
29 64 18
29 65 86
29 66 3
29 67 67
29 68 6
29 69 21
29 70 49
29 71 34
29 72 74
29 73 79
29 74 46
29 75 48
29 76 20
29 77 44
29 78 67
29 79 46
29 80 3
29 81 46
29 82 25
29 83 50
29 84 41
29 85 33
29 86 35
29 87 99
29 88 69
29 89 87
29 90 96
29 91 41
29 92 50
29 93 67
29 94 14
29 95 31
29 96 57
29 97 39
29 98 43
29 99 49
30 31 78
30 32 1
30 33 15
30 34 83
30 35 13
30 36 5
30 37 38
30 38 5
30 39 98
30 40 11
30 41 28
30 42 9
30 43 22
30 44 91
30 45 31
30 46 13
30 47 64
30 48 34
30 49 55
30 50 13
30 51 51
30 52 94
30 53 40
30 54 67
30 55 96
30 56 69
30 57 54
30 58 89
30 59 21
30 60 97
30 61 86
30 62 78
30 63 67
30 64 16
30 65 70
30 66 27
30 67 82
30 68 10
30 69 24
30 70 35
30 71 65
30 72 4
30 73 40
30 74 49
30 75 73
30 76 84
30 77 43
30 78 52
30 79 92
30 80 82
30 81 22
30 82 65
30 83 51
30 84 73
30 85 16
30 86 35
30 87 11
30 88 2
30 89 78
30 90 56
30 91 35
30 92 46
30 93 56
30 94 93
30 95 90
30 96 33
30 97 59
30 98 66
30 99 99
31 32 57
31 33 78
31 34 65
31 35 99
31 36 39
31 37 44
31 38 62
31 39 93
31 40 59
31 41 21
31 42 53
31 43 49
31 44 3
31 45 47
31 46 14
31 47 81
31 48 73
31 49 35
31 50 96
31 51 61
31 52 94
31 53 25
31 54 95
31 55 10
31 56 69
31 57 64
31 58 45
31 59 43
31 60 5
31 61 86
31 62 34
31 63 83
31 64 40
31 65 15
31 66 7
31 67 20
31 68 98
31 69 65
31 70 84
31 71 58
31 72 36
31 73 65
31 74 47
31 75 16
31 76 19
31 77 72
31 78 74
31 79 9
31 80 90
31 81 53
31 82 41
31 83 69
31 84 27
31 85 19
31 86 67
31 87 41
31 88 14
31 89 80
31 90 91
31 91 34
31 92 41
31 93 30
31 94 19
31 95 54
31 96 45
31 97 40
31 98 71
31 99 11
32 33 31
32 34 17
32 35 27
32 36 70
32 37 36
32 38 37
32 39 40
32 40 3
32 41 28
32 42 98
32 43 92
32 44 49
32 45 50
32 46 89
32 47 96
32 48 81
32 49 96
32 50 46
32 51 41
32 52 53
32 53 16
32 54 66
32 55 7
32 56 9
32 57 17
32 58 8
32 59 49
32 60 81
32 61 41
32 62 38
32 63 59
32 64 19
32 65 37
32 66 20
32 67 9
32 68 22
32 69 37
32 70 66
32 71 31
32 72 34
32 73 3
32 74 14
32 75 68
32 76 9
32 77 61
32 78 10
32 79 61
32 80 24
32 81 35
32 82 68
32 83 96
32 84 50
32 85 92
32 86 22
32 87 6
32 88 51
32 89 23
32 90 89
32 91 40
32 92 81
32 93 7
32 94 8
32 95 5
32 96 4
32 97 42
32 98 91
32 99 60
33 34 65
33 35 76
33 36 97
33 37 25
33 38 81
33 39 53
33 40 31
33 41 30
33 42 97
33 43 89
33 44 24
33 45 89
33 46 88
33 47 51
33 48 94
33 49 60
33 50 4
33 51 72
33 52 42
33 53 72
33 54 70
33 55 26
33 56 79
33 57 18
33 58 25
33 59 63
33 60 35
33 61 37
33 62 71
33 63 72
33 64 86
33 65 36
33 66 46
33 67 6
33 68 2
33 69 19
33 70 91
33 71 29
33 72 85
33 73 98
33 74 3
33 75 74
33 76 69
33 77 98
33 78 74
33 79 35
33 80 6
33 81 51
33 82 78
33 83 88
33 84 78
33 85 55
33 86 6
33 87 40
33 88 33
33 89 84
33 90 15
33 91 10
33 92 50
33 93 40
33 94 98
33 95 90
33 96 17
33 97 47
33 98 84
33 99 43
34 35 78
34 36 28
34 37 54
34 38 87
34 39 94
34 40 81
34 41 52
34 42 62
34 43 61
34 44 80
34 45 21
34 46 58
34 47 42
34 48 4
34 49 28
34 50 15
34 51 90
34 52 99
34 53 59
34 54 59
34 55 14
34 56 26
34 57 13
34 58 48
34 59 59
34 60 92
34 61 64
34 62 64
34 63 2
34 64 99
34 65 17
34 66 68
34 67 24
34 68 36
34 69 32
34 70 24
34 71 30
34 72 1
34 73 70
34 74 93
34 75 41
34 76 3
34 77 7
34 78 47
34 79 94
34 80 6
34 81 75
34 82 90
34 83 32
34 84 74
34 85 45
34 86 90
34 87 73
34 88 30
34 89 65
34 90 15
34 91 91
34 92 59
34 93 57
34 94 54
34 95 46
34 96 70
34 97 5
34 98 91
34 99 72
35 36 90
35 37 46
35 38 69
35 39 64
35 40 79
35 41 24
35 42 38
35 43 39
35 44 18
35 45 16
35 46 53
35 47 8
35 48 83
35 49 7
35 50 76
35 51 97
35 52 30
35 53 7
35 54 97
35 55 96
35 56 9
35 57 14
35 58 36
35 59 74
35 60 45
35 61 43
35 62 9
35 63 26
35 64 93
35 65 12
35 66 11
35 67 52
35 68 6
35 69 61
35 70 35
35 71 74
35 72 75
35 73 80
35 74 41
35 75 88
35 76 91
35 77 99
35 78 36
35 79 63
35 80 55
35 81 87
35 82 60
35 83 61
35 84 18
35 85 57
35 86 33
35 87 39
35 88 80
35 89 95
35 90 63
35 91 20
35 92 79
35 93 64
35 94 77
35 95 71
35 96 47
35 97 91
35 98 17
35 99 69
36 37 30
36 38 82
36 39 3
36 40 35
36 41 13
36 42 40
36 43 28
36 44 75
36 45 7
36 46 41
36 47 47
36 48 30
36 49 81
36 50 63
36 51 10
36 52 78
36 53 69
36 54 30
36 55 47
36 56 68
36 57 98
36 58 25
36 59 15
36 60 7
36 61 18
36 62 97
36 63 8
36 64 53
36 65 24
36 66 92
36 67 58
36 68 60
36 69 57
36 70 30
36 71 82
36 72 87
36 73 30
36 74 65
36 75 23
36 76 92
36 77 96
36 78 73
36 79 37
36 80 75
36 81 8
36 82 78
36 83 15
36 84 58
36 85 70
36 86 2
36 87 90
36 88 58
36 89 4
36 90 88
36 91 3
36 92 54
36 93 7
36 94 70
36 95 76
36 96 65
36 97 9
36 98 80
36 99 74
37 38 95
37 39 2
37 40 64
37 41 92
37 42 21
37 43 48
37 44 88
37 45 73
37 46 68
37 47 64
37 48 44
37 49 75
37 50 63
37 51 70
37 52 7
37 53 37
37 54 57
37 55 22
37 56 81
37 57 24
37 58 74
37 59 12
37 60 15
37 61 60
37 62 51
37 63 71
37 64 13
37 65 12
37 66 79
37 67 66
37 68 61
37 69 50
37 70 90
37 71 97
37 72 97
37 73 77
37 74 64
37 75 25
37 76 54
37 77 2
37 78 5
37 79 24
37 80 10
37 81 67
37 82 47
37 83 15
37 84 99
37 85 55
37 86 46
37 87 31
37 88 4
37 89 80
37 90 34
37 91 88
37 92 64
37 93 90
37 94 29
37 95 41
37 96 85
37 97 58
37 98 24
37 99 70
38 39 7
38 40 35
38 41 82
38 42 12
38 43 36
38 44 82
38 45 42
38 46 12
38 47 41
38 48 30
38 49 71
38 50 65
38 51 1
38 52 15
38 53 92
38 54 44
38 55 21
38 56 64
38 57 4
38 58 18
38 59 86
38 60 13
38 61 55
38 62 42
38 63 24
38 64 16
38 65 16
38 66 53
38 67 59
38 68 12
38 69 93
38 70 15
38 71 87
38 72 58
38 73 18
38 74 58
38 75 55
38 76 13
38 77 79
38 78 60
38 79 65
38 80 5
38 81 38
38 82 74
38 83 48
38 84 5
38 85 22
38 86 61
38 87 44
38 88 1
38 89 29
38 90 14
38 91 33
38 92 97
38 93 79
38 94 19
38 95 80
38 96 6
38 97 2
38 98 31
38 99 69
39 40 51
39 41 25
39 42 15
39 43 86
39 44 26
39 45 87
39 46 27
39 47 1
39 48 98
39 49 26
39 50 48
39 51 10
39 52 29
39 53 79
39 54 38
39 55 52
39 56 36
39 57 90
39 58 40
39 59 93
39 60 64
39 61 65
39 62 33
39 63 77
39 64 47
39 65 18
39 66 96
39 67 57
39 68 6
39 69 96
39 70 81
39 71 1
39 72 5
39 73 92
39 74 25
39 75 55
39 76 97
39 77 45
39 78 12
39 79 59
39 80 99
39 81 43
39 82 91
39 83 83
39 84 47
39 85 52
39 86 33
39 87 36
39 88 27
39 89 16
39 90 43
39 91 57
39 92 95
39 93 89
39 94 22
39 95 94
39 96 42
39 97 65
39 98 33
39 99 45
40 41 26
40 42 24
40 43 6
40 44 4
40 45 50
40 46 84
40 47 78
40 48 26
40 49 84
40 50 54
40 51 40
40 52 11
40 53 97
40 54 4
40 55 21
40 56 51
40 57 64
40 58 26
40 59 39
40 60 82
40 61 16
40 62 37
40 63 5
40 64 7
40 65 51
40 66 88
40 67 33
40 68 19
40 69 66
40 70 7
40 71 92
40 72 90
40 73 6
40 74 2
40 75 37
40 76 19
40 77 60
40 78 64
40 79 41
40 80 34
40 81 57
40 82 89
40 83 25
40 84 58
40 85 70
40 86 95
40 87 38
40 88 18
40 89 20
40 90 20
40 91 62
40 92 6
40 93 43
40 94 12
40 95 43
40 96 38
40 97 43
40 98 97
40 99 83
41 42 55
41 43 29
41 44 34
41 45 68
41 46 87
41 47 55
41 48 73
41 49 89
41 50 74
41 51 45
41 52 31
41 53 13
41 54 55
41 55 86
41 56 76
41 57 44
41 58 66
41 59 92
41 60 37
41 61 47
41 62 77
41 63 15
41 64 93
41 65 48
41 66 99
41 67 29
41 68 69
41 69 27
41 70 68
41 71 98
41 72 89
41 73 14
41 74 78
41 75 95
41 76 92
41 77 9
41 78 91
41 79 59
41 80 96
41 81 98
41 82 32
41 83 22
41 84 84
41 85 6
41 86 62
41 87 66
41 88 6
41 89 90
41 90 33
41 91 56
41 92 84
41 93 36
41 94 7
41 95 56
41 96 88
41 97 31
41 98 28
41 99 96
42 43 68
42 44 21
42 45 40
42 46 99
42 47 38
42 48 34
42 49 72
42 50 35
42 51 72
42 52 33
42 53 7
42 54 97
42 55 74
42 56 75
42 57 38
42 58 32
42 59 31
42 60 86
42 61 42
42 62 29
42 63 13
42 64 67
42 65 60
42 66 23
42 67 49
42 68 98
42 69 80
42 70 2
42 71 21
42 72 8
42 73 56
42 74 6
42 75 58
42 76 5
42 77 51
42 78 96
42 79 16
42 80 23
42 81 80
42 82 69
42 83 71
42 84 33
42 85 42
42 86 2
42 87 97
42 88 42
42 89 94
42 90 85
42 91 12
42 92 33
42 93 51
42 94 1
42 95 82
42 96 37
42 97 45
42 98 98
42 99 96
43 44 35
43 45 90
43 46 39
43 47 3
43 48 73
43 49 74
43 50 4
43 51 92
43 52 92
43 53 91
43 54 80
43 55 73
43 56 10
43 57 54
43 58 10
43 59 98
43 60 65
43 61 71
43 62 74
43 63 49
43 64 34
43 65 85
43 66 5
43 67 44
43 68 86
43 69 10
43 70 9
43 71 29
43 72 34
43 73 45
43 74 34
43 75 82
43 76 60
43 77 59
43 78 55
43 79 58
43 80 67
43 81 70
43 82 3
43 83 16
43 84 34
43 85 70
43 86 86
43 87 3
43 88 43
43 89 98
43 90 97
43 91 86
43 92 25
43 93 93
43 94 60
43 95 21
43 96 96
43 97 31
43 98 91
43 99 72
44 45 54
44 46 39
44 47 86
44 48 63
44 49 54
44 50 95
44 51 65
44 52 81
44 53 14
44 54 36
44 55 6
44 56 76
44 57 98
44 58 86
44 59 26
44 60 86
44 61 41
44 62 30
44 63 2
44 64 5
44 65 67
44 66 49
44 67 59
44 68 55
44 69 70
44 70 9
44 71 32
44 72 66
44 73 46
44 74 45
44 75 46
44 76 26
44 77 6
44 78 89
44 79 89
44 80 11
44 81 14
44 82 43
44 83 49
44 84 39
44 85 51
44 86 9
44 87 78
44 88 23
44 89 49
44 90 26
44 91 4
44 92 42
44 93 19
44 94 69
44 95 8
44 96 19
44 97 23
44 98 50
44 99 53
45 46 89
45 47 5
45 48 16
45 49 54
45 50 87
45 51 26
45 52 27
45 53 54
45 54 26
45 55 71
45 56 81
45 57 17
45 58 5
45 59 51
45 60 33
45 61 12
45 62 43
45 63 56
45 64 72
45 65 7
45 66 34
45 67 45
45 68 3
45 69 3
45 70 60
45 71 6
45 72 18
45 73 26
45 74 57
45 75 17
45 76 96
45 77 85
45 78 51
45 79 57
45 80 22
45 81 3
45 82 43
45 83 95
45 84 94
45 85 37
45 86 50
45 87 53
45 88 76
45 89 84
45 90 12
45 91 62
45 92 77
45 93 76
45 94 4
45 95 83
45 96 47
45 97 79
45 98 15
45 99 36
46 47 81
46 48 70
46 49 89
46 50 93
46 51 44
46 52 16
46 53 92
46 54 80
46 55 78
46 56 82
46 57 42
46 58 76
46 59 36
46 60 38
46 61 99
46 62 81
46 63 60
46 64 55
46 65 15
46 66 47
46 67 85
46 68 42
46 69 95
46 70 2
46 71 68
46 72 84
46 73 82
46 74 22
46 75 85
46 76 78
46 77 69
46 78 15
46 79 62
46 80 78
46 81 1
46 82 23
46 83 21
46 84 71
46 85 89
46 86 21
46 87 51
46 88 80
46 89 67
46 90 99
46 91 37
46 92 46
46 93 85
46 94 50
46 95 68
46 96 9
46 97 63
46 98 20
46 99 1
47 48 60
47 49 99
47 50 32
47 51 90
47 52 60
47 53 93
47 54 30
47 55 38
47 56 67
47 57 36
47 58 66
47 59 4
47 60 54
47 61 22
47 62 11
47 63 82
47 64 64
47 65 48
47 66 81
47 67 20
47 68 90
47 69 25
47 70 11
47 71 13
47 72 85
47 73 60
47 74 8
47 75 70
47 76 40
47 77 48
47 78 33
47 79 58
47 80 97
47 81 5
47 82 33
47 83 12
47 84 9
47 85 4
47 86 12
47 87 4
47 88 66
47 89 35
47 90 3
47 91 90
47 92 7
47 93 55
47 94 97
47 95 58
47 96 64
47 97 58
47 98 2
47 99 34
48 49 50
48 50 94
48 51 66
48 52 78
48 53 90
48 54 97
48 55 59
48 56 26
48 57 97
48 58 55
48 59 5
48 60 76
48 61 17
48 62 50
48 63 35
48 64 37
48 65 4
48 66 74
48 67 83
48 68 29
48 69 96
48 70 59
48 71 9
48 72 87
48 73 81
48 74 40
48 75 94
48 76 70
48 77 55
48 78 33
48 79 77
48 80 28
48 81 76
48 82 70
48 83 69
48 84 29
48 85 53
48 86 84
48 87 38
48 88 78
48 89 41
48 90 31
48 91 66
48 92 89
48 93 12
48 94 80
48 95 31
48 96 85
48 97 60
48 98 59
48 99 82
49 50 99
49 51 99
49 52 51
49 53 1
49 54 96
49 55 77
49 56 44
49 57 33
49 58 33
49 59 36
49 60 62
49 61 19
49 62 16
49 63 4
49 64 91
49 65 36
49 66 98
49 67 55
49 68 15
49 69 84
49 70 3
49 71 73
49 72 68
49 73 25
49 74 38
49 75 56
49 76 82
49 77 34
49 78 53
49 79 31
49 80 73
49 81 90
49 82 28
49 83 92
49 84 30
49 85 24
49 86 88
49 87 91
49 88 2
49 89 8
49 90 12
49 91 6
49 92 15
49 93 17
49 94 43
49 95 11
49 96 39
49 97 71
49 98 43
49 99 5
50 51 39
50 52 31
50 53 19
50 54 22
50 55 93
50 56 28
50 57 88
50 58 88
50 59 59
50 60 69
50 61 50
50 62 31
50 63 16
50 64 81
50 65 61
50 66 28
50 67 62
50 68 20
50 69 6
50 70 46
50 71 65
50 72 80
50 73 48
50 74 86
50 75 6
50 76 28
50 77 29
50 78 16
50 79 79
50 80 75
50 81 85
50 82 13
50 83 94
50 84 94
50 85 93
50 86 32
50 87 54
50 88 99
50 89 91
50 90 42
50 91 49
50 92 67
50 93 63
50 94 28
50 95 95
50 96 36
50 97 10
50 98 19
50 99 48
51 52 98
51 53 51
51 54 44
51 55 17
51 56 65
51 57 32
51 58 69
51 59 96
51 60 65
51 61 78
51 62 38
51 63 97
51 64 43
51 65 98
51 66 94
51 67 30
51 68 23
51 69 4
51 70 32
51 71 73
51 72 98
51 73 75
51 74 4
51 75 38
51 76 46
51 77 49
51 78 77
51 79 68
51 80 29
51 81 82
51 82 57
51 83 19
51 84 4
51 85 69
51 86 93
51 87 75
51 88 23
51 89 64
51 90 96
51 91 4
51 92 33
51 93 63
51 94 52
51 95 45
51 96 48
51 97 36
51 98 23
51 99 13
52 53 63
52 54 32
52 55 41
52 56 24
52 57 97
52 58 11
52 59 77
52 60 14
52 61 2
52 62 33
52 63 45
52 64 91
52 65 83
52 66 81
52 67 70
52 68 60
52 69 90
52 70 76
52 71 94
52 72 86
52 73 43
52 74 96
52 75 79
52 76 82
52 77 73
52 78 30
52 79 95
52 80 9
52 81 28
52 82 32
52 83 96
52 84 51
52 85 24
52 86 10
52 87 47
52 88 18
52 89 2
52 90 62
52 91 18
52 92 32
52 93 19
52 94 70
52 95 41
52 96 89
52 97 2
52 98 23
52 99 7
53 54 62
53 55 61
53 56 52
53 57 32
53 58 74
53 59 75
53 60 74
53 61 51
53 62 8
53 63 57
53 64 89
53 65 82
53 66 50
53 67 94
53 68 84
53 69 39
53 70 31
53 71 71
53 72 19
53 73 44
53 74 94
53 75 29
53 76 98
53 77 89
53 78 85
53 79 48
53 80 70
53 81 53
53 82 72
53 83 20
53 84 45
53 85 6
53 86 5
53 87 87
53 88 68
53 89 12
53 90 1
53 91 31
53 92 50
53 93 99
53 94 23
53 95 11
53 96 63
53 97 29
53 98 61
53 99 80
54 55 9
54 56 73
54 57 26
54 58 85
54 59 58
54 60 83
54 61 97
54 62 42
54 63 65
54 64 74
54 65 68
54 66 87
54 67 34
54 68 78
54 69 24
54 70 72
54 71 8
54 72 2
54 73 9
54 74 32
54 75 7
54 76 68
54 77 21
54 78 24
54 79 68
54 80 9
54 81 27
54 82 48
54 83 5
54 84 40
54 85 78
54 86 16
54 87 84
54 88 27
54 89 75
54 90 66
54 91 55
54 92 99
54 93 8
54 94 84
54 95 1
54 96 69
54 97 70
54 98 88
54 99 95
55 56 93
55 57 35
55 58 87
55 59 64
55 60 39
55 61 70
55 62 8
55 63 75
55 64 48
55 65 35
55 66 4
55 67 30
55 68 12
55 69 82
55 70 72
55 71 49
55 72 4
55 73 4
55 74 38
55 75 61
55 76 75
55 77 6
55 78 18
55 79 92
55 80 7
55 81 6
55 82 37
55 83 71
55 84 80
55 85 35
55 86 33
55 87 90
55 88 30
55 89 75
55 90 88
55 91 85
55 92 63
55 93 33
55 94 5
55 95 61
55 96 18
55 97 33
55 98 96
55 99 89
56 57 26
56 58 29
56 59 28
56 60 20
56 61 25
56 62 49
56 63 19
56 64 44
56 65 83
56 66 78
56 67 91
56 68 44
56 69 46
56 70 5
56 71 83
56 72 80
56 73 44
56 74 68
56 75 15
56 76 39
56 77 79
56 78 94
56 79 53
56 80 39
56 81 72
56 82 79
56 83 83
56 84 7
56 85 76
56 86 23
56 87 38
56 88 26
56 89 27
56 90 17
56 91 70
56 92 25
56 93 5
56 94 79
56 95 68
56 96 91
56 97 67
56 98 21
56 99 61
57 58 23
57 59 48
57 60 46
57 61 99
57 62 58
57 63 76
57 64 17
57 65 57
57 66 47
57 67 25
57 68 74
57 69 55
57 70 21
57 71 18
57 72 67
57 73 20
57 74 14
57 75 35
57 76 92
57 77 74
57 78 57
57 79 20
57 80 87
57 81 21
57 82 88
57 83 47
57 84 13
57 85 87
57 86 92
57 87 33
57 88 8
57 89 50
57 90 6
57 91 31
57 92 3
57 93 46
57 94 74
57 95 96
57 96 91
57 97 58
57 98 53
57 99 13
58 59 10
58 60 43
58 61 43
58 62 87
58 63 66
58 64 93
58 65 30
58 66 8
58 67 54
58 68 65
58 69 51
58 70 46
58 71 4
58 72 67
58 73 35
58 74 34
58 75 95
58 76 61
58 77 42
58 78 59
58 79 29
58 80 25
58 81 89
58 82 67
58 83 55
58 84 35
58 85 50
58 86 88
58 87 80
58 88 8
58 89 51
58 90 38
58 91 53
58 92 60
58 93 48
58 94 11
58 95 32
58 96 16
58 97 65
58 98 14
58 99 55
59 60 31
59 61 46
59 62 64
59 63 1
59 64 71
59 65 74
59 66 42
59 67 82
59 68 84
59 69 47
59 70 56
59 71 1
59 72 60
59 73 98
59 74 27
59 75 68
59 76 98
59 77 43
59 78 53
59 79 85
59 80 20
59 81 2
59 82 8
59 83 20
59 84 25
59 85 13
59 86 89
59 87 13
59 88 87
59 89 33
59 90 2
59 91 17
59 92 59
59 93 14
59 94 11
59 95 83
59 96 75
59 97 71
59 98 88
59 99 53
60 61 35
60 62 12
60 63 54
60 64 40
60 65 18
60 66 31
60 67 67
60 68 60
60 69 76
60 70 54
60 71 56
60 72 44
60 73 53
60 74 10
60 75 67
60 76 59
60 77 32
60 78 38
60 79 42
60 80 52
60 81 25
60 82 72
60 83 71
60 84 98
60 85 53
60 86 73
60 87 70
60 88 62
60 89 34
60 90 33
60 91 3
60 92 73
60 93 22
60 94 97
60 95 62
60 96 75
60 97 81
60 98 75
60 99 4
61 62 41
61 63 85
61 64 2
61 65 22
61 66 47
61 67 5
61 68 11
61 69 39
61 70 81
61 71 86
61 72 68
61 73 83
61 74 45
61 75 84
61 76 73
61 77 72
61 78 68
61 79 56
61 80 48
61 81 22
61 82 18
61 83 83
61 84 19
61 85 41
61 86 64
61 87 9
61 88 61
61 89 57
61 90 25
61 91 20
61 92 80
61 93 16
61 94 58
61 95 77
61 96 51
61 97 18
61 98 42
61 99 64
62 63 28
62 64 8
62 65 81
62 66 92
62 67 58
62 68 65
62 69 43
62 70 40
62 71 45
62 72 13
62 73 77
62 74 95
62 75 39
62 76 21
62 77 54
62 78 58
62 79 2
62 80 58
62 81 44
62 82 92
62 83 52
62 84 52
62 85 18
62 86 90
62 87 89
62 88 92
62 89 84
62 90 36
62 91 76
62 92 50
62 93 14
62 94 25
62 95 48
62 96 78
62 97 44
62 98 39
62 99 79
63 64 10
63 65 31
63 66 76
63 67 30
63 68 76
63 69 92
63 70 8
63 71 58
63 72 76
63 73 23
63 74 53
63 75 92
63 76 98
63 77 81
63 78 60
63 79 84
63 80 66
63 81 60
63 82 85
63 83 10
63 84 14
63 85 23
63 86 82
63 87 62
63 88 6
63 89 1
63 90 68
63 91 92
63 92 83
63 93 81
63 94 21
63 95 60
63 96 27
63 97 14
63 98 57
63 99 61
64 65 68
64 66 62
64 67 70
64 68 67
64 69 95
64 70 97
64 71 13
64 72 76
64 73 15
64 74 73
64 75 52
64 76 58
64 77 56
64 78 40
64 79 46
64 80 39
64 81 90
64 82 59
64 83 45
64 84 43
64 85 39
64 86 96
64 87 64
64 88 77
64 89 61
64 90 11
64 91 33
64 92 55
64 93 25
64 94 37
64 95 57
64 96 15
64 97 92
64 98 59
64 99 32
65 66 76
65 67 70
65 68 83
65 69 70
65 70 99
65 71 85
65 72 47
65 73 88
65 74 39
65 75 95
65 76 88
65 77 46
65 78 78
65 79 57
65 80 23
65 81 8
65 82 88
65 83 16
65 84 21
65 85 45
65 86 80
65 87 3
65 88 95
65 89 21
65 90 49
65 91 80
65 92 57
65 93 66
65 94 32
65 95 9
65 96 33
65 97 99
65 98 28
65 99 59
66 67 92
66 68 46
66 69 53
66 70 40
66 71 91
66 72 69
66 73 67
66 74 3
66 75 93
66 76 47
66 77 33
66 78 82
66 79 41
66 80 23
66 81 34
66 82 10
66 83 98
66 84 80
66 85 81
66 86 26
66 87 23
66 88 81
66 89 69
66 90 20
66 91 59
66 92 3
66 93 73
66 94 1
66 95 38
66 96 25
66 97 37
66 98 95
66 99 95
67 68 53
67 69 78
67 70 86
67 71 79
67 72 4
67 73 60
67 74 33
67 75 36
67 76 36
67 77 61
67 78 26
67 79 90
67 80 93
67 81 67
67 82 68
67 83 41
67 84 7
67 85 43
67 86 58
67 87 61
67 88 20
67 89 17
67 90 81
67 91 74
67 92 5
67 93 59
67 94 63
67 95 61
67 96 21
67 97 60
67 98 59
67 99 28
68 69 40
68 70 49
68 71 87
68 72 11
68 73 63
68 74 57
68 75 51
68 76 25
68 77 34
68 78 93
68 79 33
68 80 37
68 81 63
68 82 38
68 83 2
68 84 99
68 85 17
68 86 75
68 87 8
68 88 85
68 89 91
68 90 19
68 91 58
68 92 73
68 93 33
68 94 68
68 95 20
68 96 30
68 97 27
68 98 50
68 99 77
69 70 10
69 71 70
69 72 94
69 73 23
69 74 18
69 75 2
69 76 58
69 77 55
69 78 99
69 79 45
69 80 63
69 81 10
69 82 45
69 83 48
69 84 72
69 85 44
69 86 15
69 87 50
69 88 89
69 89 67
69 90 48
69 91 84
69 92 79
69 93 63
69 94 60
69 95 10
69 96 47
69 97 85
69 98 77
69 99 67
70 71 30
70 72 60
70 73 65
70 74 78
70 75 67
70 76 77
70 77 26
70 78 9
70 79 69
70 80 45
70 81 17
70 82 58
70 83 95
70 84 32
70 85 10
70 86 45
70 87 44
70 88 62
70 89 86
70 90 63
70 91 85
70 92 53
70 93 4
70 94 67
70 95 56
70 96 97
70 97 93
70 98 87
70 99 29
71 72 98
71 73 61
71 74 15
71 75 25
71 76 70
71 77 82
71 78 53
71 79 8
71 80 83
71 81 71
71 82 85
71 83 53
71 84 50
71 85 15
71 86 26
71 87 36
71 88 73
71 89 81
71 90 83
71 91 13
71 92 1
71 93 25
71 94 85
71 95 55
71 96 94
71 97 50
71 98 15
71 99 55
72 73 13
72 74 86
72 75 40
72 76 1
72 77 29
72 78 34
72 79 6
72 80 81
72 81 53
72 82 90
72 83 68
72 84 60
72 85 47
72 86 76
72 87 25
72 88 12
72 89 66
72 90 36
72 91 93
72 92 36
72 93 66
72 94 37
72 95 43
72 96 65
72 97 63
72 98 54
72 99 99
73 74 70
73 75 46
73 76 92
73 77 65
73 78 14
73 79 15
73 80 81
73 81 28
73 82 90
73 83 14
73 84 92
73 85 47
73 86 63
73 87 28
73 88 43
73 89 76
73 90 39
73 91 91
73 92 30
73 93 11
73 94 27
73 95 91
73 96 16
73 97 64
73 98 9
73 99 20
74 75 65
74 76 67
74 77 48
74 78 21
74 79 78
74 80 55
74 81 70
74 82 70
74 83 73
74 84 42
74 85 45
74 86 91
74 87 37
74 88 17
74 89 45
74 90 55
74 91 15
74 92 84
74 93 95
74 94 90
74 95 65
74 96 34
74 97 79
74 98 89
74 99 95
75 76 35
75 77 71
75 78 15
75 79 33
75 80 71
75 81 22
75 82 96
75 83 22
75 84 4
75 85 46
75 86 39
75 87 9
75 88 87
75 89 86
75 90 74
75 91 57
75 92 80
75 93 51
75 94 76
75 95 41
75 96 12
75 97 31
75 98 13
75 99 55
76 77 12
76 78 39
76 79 7
76 80 51
76 81 18
76 82 10
76 83 26
76 84 70
76 85 53
76 86 11
76 87 80
76 88 55
76 89 67
76 90 85
76 91 87
76 92 69
76 93 10
76 94 62
76 95 28
76 96 12
76 97 45
76 98 14
76 99 8
77 78 94
77 79 88
77 80 53
77 81 67
77 82 81
77 83 9
77 84 54
77 85 79
77 86 60
77 87 11
77 88 5
77 89 22
77 90 31
77 91 4
77 92 79
77 93 12
77 94 52
77 95 85
77 96 26
77 97 20
77 98 23
77 99 42
78 79 96
78 80 11
78 81 54
78 82 24
78 83 19
78 84 19
78 85 12
78 86 26
78 87 13
78 88 7
78 89 21
78 90 89
78 91 70
78 92 99
78 93 44
78 94 31
78 95 92
78 96 67
78 97 81
78 98 6
78 99 81
79 80 46
79 81 78
79 82 81
79 83 48
79 84 32
79 85 17
79 86 71
79 87 5
79 88 63
79 89 69
79 90 52
79 91 1
79 92 57
79 93 24
79 94 10
79 95 26
79 96 74
79 97 89
79 98 2
79 99 64
80 81 62
80 82 56
80 83 34
80 84 73
80 85 1
80 86 21
80 87 39
80 88 81
80 89 83
80 90 4
80 91 14
80 92 9
80 93 80
80 94 83
80 95 69
80 96 45
80 97 36
80 98 22
80 99 7
81 82 96
81 83 7
81 84 31
81 85 97
81 86 44
81 87 84
81 88 59
81 89 2
81 90 50
81 91 16
81 92 46
81 93 73
81 94 38
81 95 31
81 96 1
81 97 92
81 98 57
81 99 7
82 83 64
82 84 34
82 85 30
82 86 96
82 87 65
82 88 94
82 89 39
82 90 31
82 91 1
82 92 34
82 93 34
82 94 76
82 95 65
82 96 41
82 97 18
82 98 44
82 99 54
83 84 98
83 85 57
83 86 42
83 87 19
83 88 19
83 89 91
83 90 29
83 91 21
83 92 30
83 93 10
83 94 59
83 95 12
83 96 37
83 97 2
83 98 68
83 99 26
84 85 58
84 86 83
84 87 98
84 88 62
84 89 93
84 90 83
84 91 47
84 92 90
84 93 12
84 94 43
84 95 73
84 96 46
84 97 91
84 98 6
84 99 48
85 86 36
85 87 82
85 88 23
85 89 17
85 90 88
85 91 98
85 92 90
85 93 68
85 94 34
85 95 42
85 96 21
85 97 87
85 98 88
85 99 40
86 87 47
86 88 8
86 89 1
86 90 51
86 91 13
86 92 5
86 93 24
86 94 21
86 95 1
86 96 3
86 97 23
86 98 38
86 99 53
87 88 78
87 89 51
87 90 17
87 91 90
87 92 19
87 93 42
87 94 36
87 95 63
87 96 69
87 97 95
87 98 28
87 99 5
88 89 21
88 90 72
88 91 96
88 92 44
88 93 8
88 94 26
88 95 32
88 96 84
88 97 99
88 98 74
88 99 36
89 90 10
89 91 47
89 92 73
89 93 94
89 94 5
89 95 34
89 96 94
89 97 25
89 98 44
89 99 96
90 91 93
90 92 52
90 93 76
90 94 68
90 95 62
90 96 6
90 97 85
90 98 95
90 99 24
91 92 94
91 93 87
91 94 48
91 95 24
91 96 85
91 97 28
91 98 72
91 99 40
92 93 29
92 94 62
92 95 33
92 96 63
92 97 50
92 98 87
92 99 40
93 94 43
93 95 44
93 96 49
93 97 90
93 98 23
93 99 79
94 95 74
94 96 74
94 97 25
94 98 40
94 99 61
95 96 19
95 97 70
95 98 82
95 99 95
96 97 99
96 98 55
96 99 10
97 98 63
97 99 99
98 99 82