25
0 1 48
0 2 26
0 3 70
0 4 35
0 5 1
0 6 98
0 7 19
0 8 73
0 9 1
0 10 77
0 11 11
0 12 63
0 13 88
0 14 62
0 15 3
0 16 36
0 17 85
0 18 90
0 19 55
0 20 98
0 21 14
0 22 21
0 23 81
0 24 78
1 2 80
1 3 13
1 4 70
1 5 78
1 6 50
1 7 40
1 8 9
1 9 7
1 10 99
1 11 48
1 12 50
1 13 94
1 14 87
1 15 84
1 16 47
1 17 18
1 18 72
1 19 62
1 20 96
1 21 71
1 22 75
1 23 89
1 24 37
2 3 71
2 4 66
2 5 71
2 6 57
2 7 66
2 8 24
2 9 2
2 10 15
2 11 93
2 12 87
2 13 66
2 14 97
2 15 34
2 16 83
2 17 65
2 18 42
2 19 58
2 20 14
2 21 42
2 22 82
2 23 25
2 24 96
3 4 41
3 5 4
3 6 52
3 7 74
3 8 91
3 9 16
3 10 35
3 11 20
3 12 72
3 13 16
3 14 24
3 15 66
3 16 22
3 17 55
3 18 73
3 19 74
3 20 16
3 21 51
3 22 25
3 23 46
3 24 30
4 5 5
4 6 70
4 7 42
4 8 9
4 9 75
4 10 79
4 11 92
4 12 2
4 13 12
4 14 19
4 15 45
4 16 42
4 17 34
4 18 10
4 19 7
4 20 37
4 21 43
4 22 95
4 23 68
4 24 46
5 6 15
5 7 13
5 8 12
5 9 91
5 10 23
5 11 44
5 12 98
5 13 92
5 14 24
5 15 21
5 16 52
5 17 62
5 18 46
5 19 99
5 20 21
5 21 67
5 22 80
5 23 56
5 24 95
6 7 45
6 8 71
6 9 41
6 10 71
6 11 63
6 12 19
6 13 88
6 14 25
6 15 39
6 16 85
6 17 65
6 18 90
6 19 94
6 20 51
6 21 38
6 22 81
6 23 1
6 24 40
7 8 90
7 9 24
7 10 53
7 11 71
7 12 64
7 13 43
7 14 92
7 15 80
7 16 25
7 17 87
7 18 3
7 19 40
7 20 2
7 21 16
7 22 79
7 23 88
7 24 86
8 9 1
8 10 59
8 11 31
8 12 71
8 13 2
8 14 78
8 15 68
8 16 75
8 17 34
8 18 49
8 19 31
8 20 72
8 21 39
8 22 80
8 23 32
8 24 89
9 10 39
9 11 20
9 12 95
9 13 74
9 14 30
9 15 69
9 16 31
9 17 48
9 18 17
9 19 55
9 20 27
9 21 31
9 22 8
9 23 99
9 24 58
10 11 39
10 12 27
10 13 55
10 14 71
10 15 92
10 16 16
10 17 23
10 18 57
10 19 20
10 20 38
10 21 41
10 22 82
10 23 70
10 24 63
11 12 95
11 13 69
11 14 11
11 15 19
11 16 35
11 17 44
11 18 93
11 19 56
11 20 70
11 21 78
11 22 76
11 23 27
11 24 1
12 13 67
12 14 58
12 15 47
12 16 62
12 17 37
12 18 60
12 19 34
12 20 39
12 21 26
12 22 97
12 23 55
12 24 61
13 14 84
13 15 93
13 16 80
13 17 5
13 18 14
13 19 38
13 20 43
13 21 97
13 22 62
13 23 19
13 24 10
14 15 77
14 16 88
14 17 51
14 18 43
14 19 50
14 20 87
14 21 21
14 22 53
14 23 83
14 24 62
15 16 28
15 17 29
15 18 46
15 19 31
15 20 94
15 21 8
15 22 83
15 23 64
15 24 15
16 17 83
16 18 16
16 19 60
16 20 99
16 21 26
16 22 81
16 23 23
16 24 36
17 18 98
17 19 89
17 20 89
17 21 16
17 22 90
17 23 28
17 24 37
18 19 1
18 20 55
18 21 13
18 22 43
18 23 77
18 24 90
19 20 57
19 21 11
19 22 78
19 23 43
19 24 4
20 21 18
20 22 29
20 23 20
20 24 7
21 22 71
21 23 77
21 24 56
22 23 44
22 24 84
23 24 24