50
0 1 54
0 2 92
0 3 52
0 4 51
0 5 84
0 6 74
0 7 26
0 8 22
0 9 25
0 10 97
0 11 21
0 12 60
0 13 17
0 14 93
0 15 88
0 16 20
0 17 69
0 18 27
0 19 25
0 20 16
0 21 38
0 22 26
0 23 15
0 24 62
0 25 33
0 26 40
0 27 29
0 28 99
0 29 32
0 30 77
0 31 60
0 32 74
0 33 65
0 34 56
0 35 41
0 36 46
0 37 40
0 38 15
0 39 89
0 40 59
0 41 67
0 42 12
0 43 79
0 44 73
0 45 30
0 46 50
0 47 25
0 48 70
0 49 3
1 2 46
1 3 47
1 4 50
1 5 3
1 6 15
1 7 76
1 8 76
1 9 30
1 10 93
1 11 34
1 12 49
1 13 45
1 14 67
1 15 42
1 16 5
1 17 31
1 18 95
1 19 69
1 20 13
1 21 64
1 22 34
1 23 64
1 24 2
1 25 3
1 26 23
1 27 35
1 28 24
1 29 88
1 30 47
1 31 24
1 32 57
1 33 42
1 34 9
1 35 69
1 36 67
1 37 52
1 38 84
1 39 70
1 40 78
1 41 46
1 42 16
1 43 81
1 44 64
1 45 8
1 46 27
1 47 72
1 48 64
1 49 97
2 3 10
2 4 17
2 5 17
2 6 2
2 7 81
2 8 92
2 9 54
2 10 53
2 11 21
2 12 57
2 13 31
2 14 76
2 15 46
2 16 62
2 17 46
2 18 69
2 19 80
2 20 20
2 21 84
2 22 25
2 23 46
2 24 2
2 25 8
2 26 98
2 27 77
2 28 84
2 29 95
2 30 16
2 31 1
2 32 45
2 33 44
2 34 24
2 35 97
2 36 35
2 37 90
2 38 91
2 39 16
2 40 27
2 41 62
2 42 94
2 43 33
2 44 98
2 45 74
2 46 78
2 47 39
2 48 8
2 49 6
3 4 20
3 5 82
3 6 9
3 7 41
3 8 53
3 9 88
3 10 37
3 11 27
3 12 63
3 13 2
3 14 88
3 15 54
3 16 78
3 17 78
3 18 19
3 19 11
3 20 97
3 21 12
3 22 41
3 23 46
3 24 10
3 25 71
3 26 79
3 27 10
3 28 79
3 29 5
3 30 18
3 31 40
3 32 54
3 33 46
3 34 88
3 35 67
3 36 76
3 37 69
3 38 73
3 39 28
3 40 1
3 41 24
3 42 63
3 43 31
3 44 35
3 45 74
3 46 55
3 47 57
3 48 90
3 49 12
4 5 29
4 6 91
4 7 6
4 8 18
4 9 61
4 10 58
4 11 3
4 12 38
4 13 12
4 14 22
4 15 13
4 16 21
4 17 49
4 18 40
4 19 43
4 20 78
4 21 27
4 22 33
4 23 37
4 24 86
4 25 8
4 26 96
4 27 17
4 28 11
4 29 31
4 30 74
4 31 26
4 32 29
4 33 81
4 34 67
4 35 21
4 36 69
4 37 77
4 38 65
4 39 61
4 40 66
4 41 76
4 42 97
4 43 46
4 44 28
4 45 96
4 46 71
4 47 90
4 48 8
4 49 95
5 6 99
5 7 85
5 8 54
5 9 4
5 10 80
5 11 19
5 12 71
5 13 68
5 14 35
5 15 21
5 16 31
5 17 15
5 18 8
5 19 2
5 20 6
5 21 38
5 22 23
5 23 5
5 24 29
5 25 15
5 26 92
5 27 1
5 28 48
5 29 62
5 30 76
5 31 15
5 32 33
5 33 51
5 34 18
5 35 74
5 36 25
5 37 44
5 38 32
5 39 1
5 40 31
5 41 24
5 42 49
5 43 46
5 44 48
5 45 89
5 46 72
5 47 30
5 48 40
5 49 27
6 7 65
6 8 9
6 9 32
6 10 86
6 11 61
6 12 66
6 13 77
6 14 36
6 15 84
6 16 96
6 17 23
6 18 80
6 19 33
6 20 77
6 21 73
6 22 57
6 23 56
6 24 88
6 25 36
6 26 2
6 27 60
6 28 41
6 29 26
6 30 74
6 31 70
6 32 25
6 33 56
6 34 91
6 35 27
6 36 63
6 37 84
6 38 66
6 39 13
6 40 68
6 41 31
6 42 26
6 43 59
6 44 4
6 45 2
6 46 44
6 47 53
6 48 50
6 49 93
7 8 96
7 9 25
7 10 52
7 11 27
7 12 99
7 13 42
7 14 39
7 15 40
7 16 84
7 17 19
7 18 55
7 19 36
7 20 34
7 21 63
7 22 90
7 23 37
7 24 14
7 25 23
7 26 11
7 27 48
7 28 2
7 29 8
7 30 37
7 31 40
7 32 90
7 33 56
7 34 81
7 35 9
7 36 12
7 37 7
7 38 42
7 39 29
7 40 96
7 41 64
7 42 86
7 43 24
7 44 93
7 45 28
7 46 2
7 47 58
7 48 96
7 49 74
8 9 86
8 10 80
8 11 57
8 12 61
8 13 49
8 14 29
8 15 34
8 16 16
8 17 71
8 18 28
8 19 20
8 20 63
8 21 78
8 22 69
8 23 84
8 24 39
8 25 84
8 26 3
8 27 92
8 28 13
8 29 59
8 30 24
8 31 40
8 32 97
8 33 93
8 34 20
8 35 12
8 36 86
8 37 46
8 38 46
8 39 46
8 40 15
8 41 41
8 42 96
8 43 55
8 44 63
8 45 9
8 46 44
8 47 4
8 48 74
8 49 13
9 10 52
9 11 48
9 12 67
9 13 10
9 14 59
9 15 97
9 16 58
9 17 57
9 18 23
9 19 10
9 20 20
9 21 61
9 22 96
9 23 82
9 24 58
9 25 18
9 26 31
9 27 17
9 28 2
9 29 74
9 30 16
9 31 99
9 32 52
9 33 25
9 34 44
9 35 69
9 36 77
9 37 73
9 38 30
9 39 71
9 40 89
9 41 44
9 42 37
9 43 27
9 44 36
9 45 75
9 46 56
9 47 80
9 48 37
9 49 69
10 11 30
10 12 79
10 13 90
10 14 30
10 15 95
10 16 8
10 17 58
10 18 63
10 19 22
10 20 7
10 21 97
10 22 77
10 23 51
10 24 82
10 25 6
10 26 78
10 27 93
10 28 90
10 29 5
10 30 87
10 31 36
10 32 80
10 33 9
10 34 80
10 35 91
10 36 60
10 37 2
10 38 61
10 39 50
10 40 60
10 41 20
10 42 31
10 43 79
10 44 62
10 45 2
10 46 9
10 47 31
10 48 59
10 49 79
11 12 17
11 13 81
11 14 4
11 15 31
11 16 96
11 17 8
11 18 58
11 19 50
11 20 41
11 21 1
11 22 13
11 23 18
11 24 57
11 25 21
11 26 6
11 27 24
11 28 28
11 29 94
11 30 74
11 31 42
11 32 24
11 33 64
11 34 92
11 35 94
11 36 73
11 37 98
11 38 28
11 39 77
11 40 24
11 41 47
11 42 34
11 43 39
11 44 88
11 45 53
11 46 88
11 47 82
11 48 20
11 49 49
12 13 51
12 14 6
12 15 80
12 16 84
12 17 28
12 18 91
12 19 72
12 20 82
12 21 13
12 22 92
12 23 97
12 24 48
12 25 51
12 26 99
12 27 78
12 28 35
12 29 59
12 30 26
12 31 77
12 32 93
12 33 81
12 34 62
12 35 68
12 36 22
12 37 19
12 38 66
12 39 14
12 40 67
12 41 2
12 42 70
12 43 87
12 44 4
12 45 66
12 46 9
12 47 20
12 48 29
12 49 42
13 14 16
13 15 4
13 16 35
13 17 66
13 18 25
13 19 9
13 20 75
13 21 90
13 22 43
13 23 5
13 24 41
13 25 96
13 26 49
13 27 58
13 28 16
13 29 41
13 30 25
13 31 81
13 32 6
13 33 42
13 34 19
13 35 31
13 36 42
13 37 42
13 38 2
13 39 59
13 40 74
13 41 69
13 42 62
13 43 83
13 44 86
13 45 33
13 46 43
13 47 68
13 48 75
13 49 52
14 15 25
14 16 42
14 17 38
14 18 82
14 19 3
14 20 35
14 21 66
14 22 52
14 23 12
14 24 55
14 25 98
14 26 98
14 27 16
14 28 98
14 29 10
14 30 4
14 31 82
14 32 13
14 33 10
14 34 98
14 35 47
14 36 24
14 37 66
14 38 45
14 39 33
14 40 85
14 41 51
14 42 13
14 43 7
14 44 35
14 45 9
14 46 60
14 47 50
14 48 27
14 49 68
15 16 28
15 17 30
15 18 25
15 19 77
15 20 43
15 21 85
15 22 27
15 23 55
15 24 9
15 25 9
15 26 51
15 27 44
15 28 17
15 29 34
15 30 45
15 31 19
15 32 94
15 33 59
15 34 27
15 35 44
15 36 49
15 37 54
15 38 15
15 39 44
15 40 8
15 41 79
15 42 45
15 43 47
15 44 82
15 45 12
15 46 51
15 47 8
15 48 30
15 49 42
16 17 42
16 18 47
16 19 38
16 20 60
16 21 69
16 22 41
16 23 60
16 24 48
16 25 93
16 26 53
16 27 40
16 28 39
16 29 53
16 30 12
16 31 39
16 32 32
16 33 11
16 34 7
16 35 46
16 36 56
16 37 43
16 38 29
16 39 71
16 40 42
16 41 78
16 42 77
16 43 65
16 44 14
16 45 53
16 46 37
16 47 95
16 48 96
16 49 86
17 18 29
17 19 83
17 20 36
17 21 45
17 22 37
17 23 7
17 24 8
17 25 17
17 26 45
17 27 78
17 28 39
17 29 27
17 30 1
17 31 34
17 32 47
17 33 10
17 34 20
17 35 93
17 36 30
17 37 52
17 38 15
17 39 7
17 40 98
17 41 96
17 42 78
17 43 30
17 44 66
17 45 7
17 46 78
17 47 83
17 48 96
17 49 96
18 19 94
18 20 79
18 21 18
18 22 3
18 23 20
18 24 77
18 25 22
18 26 24
18 27 53
18 28 17
18 29 77
18 30 15
18 31 8
18 32 15
18 33 5
18 34 74
18 35 95
18 36 94
18 37 12
18 38 84
18 39 8
18 40 18
18 41 83
18 42 96
18 43 1
18 44 66
18 45 50
18 46 76
18 47 64
18 48 30
18 49 56
19 20 6
19 21 41
19 22 72
19 23 8
19 24 22
19 25 50
19 26 78
19 27 71
19 28 7
19 29 18
19 30 37
19 31 43
19 32 35
19 33 70
19 34 69
19 35 28
19 36 48
19 37 33
19 38 70
19 39 46
19 40 99
19 41 18
19 42 73
19 43 47
19 44 6
19 45 81
19 46 46
19 47 74
19 48 83
19 49 12
20 21 20
20 22 30
20 23 97
20 24 68
20 25 51
20 26 95
20 27 2
20 28 49
20 29 27
20 30 60
20 31 56
20 32 49
20 33 45
20 34 65
20 35 92
20 36 74
20 37 83
20 38 43
20 39 64
20 40 24
20 41 15
20 42 99
20 43 85
20 44 95
20 45 2
20 46 1
20 47 6
20 48 69
20 49 86
21 22 36
21 23 2
21 24 84
21 25 61
21 26 99
21 27 26
21 28 24
21 29 84
21 30 14
21 31 92
21 32 80
21 33 88
21 34 74
21 35 85
21 36 88
21 37 41
21 38 19
21 39 31
21 40 94
21 41 28
21 42 21
21 43 56
21 44 57
21 45 70
21 46 15
21 47 47
21 48 93
21 49 94
22 23 86
22 24 2
22 25 82
22 26 2
22 27 53
22 28 54
22 29 17
22 30 51
22 31 91
22 32 10
22 33 17
22 34 81
22 35 52
22 36 98
22 37 82
22 38 72
22 39 19
22 40 58
22 41 39
22 42 64
22 43 65
22 44 59
22 45 54
22 46 45
22 47 42
22 48 94
22 49 92
23 24 79
23 25 41
23 26 17
23 27 37
23 28 21
23 29 28
23 30 42
23 31 40
23 32 37
23 33 41
23 34 96
23 35 37
23 36 53
23 37 24
23 38 49
23 39 87
23 40 34
23 41 77
23 42 51
23 43 16
23 44 48
23 45 14
23 46 73
23 47 61
23 48 81
23 49 7
24 25 33
24 26 12
24 27 67
24 28 43
24 29 17
24 30 14
24 31 90
24 32 92
24 33 51
24 34 63
24 35 43
24 36 48
24 37 70
24 38 24
24 39 4
24 40 23
24 41 24
24 42 80
24 43 92
24 44 1
24 45 11
24 46 99
24 47 8
24 48 88
24 49 83
25 26 49
25 27 87
25 28 67
25 29 65
25 30 22
25 31 43
25 32 87
25 33 68
25 34 33
25 35 18
25 36 48
25 37 58
25 38 52
25 39 63
25 40 28
25 41 31
25 42 13
25 43 31
25 44 13
25 45 55
25 46 95
25 47 60
25 48 31
25 49 59
26 27 14
26 28 23
26 29 92
26 30 4
26 31 59
26 32 19
26 33 60
26 34 5
26 35 38
26 36 68
26 37 28
26 38 36
26 39 89
26 40 17
26 41 47
26 42 60
26 43 70
26 44 47
26 45 49
26 46 69
26 47 92
26 48 88
26 49 4
27 28 5
27 29 64
27 30 38
27 31 36
27 32 25
27 33 70
27 34 78
27 35 37
27 36 9
27 37 12
27 38 63
27 39 10
27 40 14
27 41 44
27 42 65
27 43 55
27 44 41
27 45 83
27 46 63
27 47 86
27 48 18
27 49 62
28 29 92
28 30 43
28 31 87
28 32 31
28 33 88
28 34 12
28 35 89
28 36 24
28 37 7
28 38 41
28 39 55
28 40 33
28 41 47
28 42 28
28 43 83
28 44 47
28 45 27
28 46 75
28 47 64
28 48 42
28 49 21
29 30 97
29 31 80
29 32 34
29 33 60
29 34 37
29 35 4
29 36 13
29 37 36
29 38 9
29 39 58
29 40 97
29 41 29
29 42 55
29 43 95
29 44 95
29 45 31
29 46 61
29 47 28
29 48 55
29 49 93
30 31 10
30 32 59
30 33 49
30 34 58
30 35 75
30 36 35
30 37 14
30 38 72
30 39 93
30 40 11
30 41 25
30 42 88
30 43 49
30 44 27
30 45 65
30 46 75
30 47 8
30 48 5
30 49 45
31 32 84
31 33 30
31 34 20
31 35 67
31 36 92
31 37 90
31 38 16
31 39 69
31 40 3
31 41 40
31 42 49
31 43 10
31 44 13
31 45 71
31 46 60
31 47 95
31 48 91
31 49 31
32 33 12
32 34 22
32 35 78
32 36 3
32 37 93
32 38 27
32 39 69
32 40 10
32 41 16
32 42 72
32 43 35
32 44 67
32 45 41
32 46 72
32 47 12
32 48 5
32 49 9
33 34 52
33 35 10
33 36 2
33 37 74
33 38 32
33 39 82
33 40 40
33 41 85
33 42 4
33 43 76
33 44 24
33 45 26
33 46 10
33 47 50
33 48 41
33 49 82
34 35 20
34 36 12
34 37 13
34 38 84
34 39 86
34 40 6
34 41 34
34 42 69
34 43 16
34 44 30
34 45 50
34 46 92
34 47 88
34 48 74
34 49 55
35 36 15
35 37 82
35 38 50
35 39 6
35 40 13
35 41 38
35 42 85
35 43 9
35 44 19
35 45 41
35 46 25
35 47 75
35 48 33
35 49 12
36 37 29
36 38 6
36 39 71
36 40 37
36 41 51
36 42 41
36 43 44
36 44 66
36 45 54
36 46 53
36 47 93
36 48 93
36 49 96
37 38 98
37 39 17
37 40 76
37 41 4
37 42 32
37 43 91
37 44 9
37 45 93
37 46 6
37 47 27
37 48 47
37 49 25
38 39 83
38 40 86
38 41 53
38 42 1
38 43 93
38 44 35
38 45 9
38 46 96
38 47 33
38 48 56
38 49 19
39 40 75
39 41 85
39 42 41
39 43 71
39 44 99
39 45 78
39 46 42
39 47 84
39 48 13
39 49 52
40 41 18
40 42 89
40 43 6
40 44 33
40 45 83
40 46 66
40 47 6
40 48 42
40 49 20
41 42 40
41 43 81
41 44 27
41 45 1
41 46 42
41 47 23
41 48 53
41 49 64
42 43 81
42 44 75
42 45 96
42 46 58
42 47 74
42 48 11
42 49 41
43 44 78
43 45 41
43 46 51
43 47 14
43 48 12
43 49 81
44 45 82
44 46 24
44 47 72
44 48 50
44 49 86
45 46 73
45 47 46
45 48 83
45 49 18
46 47 15
46 48 70
46 49 43
47 48 7
47 49 75
48 49 75